 3.0000000000E+01  8.8294734369E-08
 3.1000000000E+01  8.4010176879E-08
 3.2000000000E+01  9.5557453771E-08
 3.3000000000E+01  1.1436206941E-07
 3.4000000000E+01  6.5949547425E-08
 3.5000000000E+01  7.1802237387E-08
 3.6000000000E+01  6.7439537812E-08
 3.7000000000E+01  5.5344288884E-08
 3.8000000000E+01  6.3418987467E-08
 3.9000000000E+01  6.2200119426E-08
 4.0000000000E+01  5.1897306303E-08
 4.1000000000E+01  5.2211378548E-08
 4.2000000000E+01  5.5953629308E-08
 4.3000000000E+01  5.5281489156E-08
 4.4000000000E+01  5.2476672589E-08
 4.5000000000E+01  6.1229086525E-08
 4.6000000000E+01  6.1347658204E-08
 4.7000000000E+01  7.6636396865E-08
 4.8000000000E+01  8.5313203785E-08
 4.9000000000E+01  9.5395732113E-08
 5.0000000000E+01  1.1866422788E-07
 5.1000000000E+01  1.3915593291E-07
 5.2000000000E+01  1.5620405741E-07
 5.3000000000E+01  1.8887256002E-07
 5.4000000000E+01  2.1950468613E-07
 5.5000000000E+01  2.7742941976E-07
 5.6000000000E+01  3.0873499298E-07
 5.7000000000E+01  3.8287235041E-07
 5.8000000000E+01  2.2292644641E-06
 5.9000000000E+01  3.4994887387E-06
 6.0000000000E+01  1.6191340213E-06
 6.1000000000E+01  6.0253425171E-07
 6.2000000000E+01  6.8709915884E-07
 6.3000000000E+01  7.2483882618E-07
 6.4000000000E+01  8.1987351747E-07
 6.5000000000E+01  8.7659911578E-07
 6.6000000000E+01  1.0340639313E-06
 6.7000000000E+01  4.4740224595E-06
 6.8000000000E+01  1.6208176997E-06
 6.9000000000E+01  2.3306990016E-06
 7.0000000000E+01  1.0303805007E-06
 7.1000000000E+01  9.2607494004E-07
 7.2000000000E+01  9.9408534185E-07
 7.3000000000E+01  1.0854274721E-06
 7.4000000000E+01  1.1392755300E-06
 7.5000000000E+01  1.2166485683E-06
 7.6000000000E+01  1.2747781688E-06
 7.7000000000E+01  1.3295543114E-06
 7.8000000000E+01  1.4084536039E-06
 7.9000000000E+01  1.4604696130E-06
 8.0000000000E+01  1.5395471654E-06
 8.1000000000E+01  1.6008182197E-06
 8.2000000000E+01  1.6750139393E-06
 8.3000000000E+01  1.7543869506E-06
 8.4000000000E+01  1.8416861909E-06
 8.5000000000E+01  1.9110429795E-06
 8.6000000000E+01  1.9804055602E-06
 8.7000000000E+01  2.0372187861E-06
 8.8000000000E+01  2.0913330596E-06
 8.9000000000E+01  2.1365037380E-06
 9.0000000000E+01  2.1949461029E-06
 9.1000000000E+01  2.2536708538E-06
 9.2000000000E+01  2.3248998440E-06
 9.3000000000E+01  2.3544992710E-06
 9.4000000000E+01  2.4301106353E-06
 9.5000000000E+01  2.4718342601E-06
 9.6000000000E+01  2.5486559629E-06
 9.7000000000E+01  2.6215798326E-06
 9.8000000000E+01  2.6729196058E-06
 9.9000000000E+01  2.7143459694E-06
 1.0000000000E+02  2.7674904268E-06
 1.0100000000E+02  2.8105357625E-06
 1.0200000000E+02  2.8675928143E-06
 1.0300000000E+02  2.9223907772E-06
 1.0400000000E+02  2.9570729260E-06
 1.0500000000E+02  3.0489785779E-06
 1.0600000000E+02  3.0804363711E-06
 1.0700000000E+02  3.1049394228E-06
 1.0800000000E+02  3.1740784610E-06
 1.0900000000E+02  3.2025338786E-06
 1.1000000000E+02  3.2941971389E-06
 1.1100000000E+02  3.3279499390E-06
 1.1200000000E+02  3.3051940230E-06
 1.1300000000E+02  3.3575202078E-06
 1.1400000000E+02  3.4077822798E-06
 1.1500000000E+02  3.4387265704E-06
 1.1600000000E+02  3.4924445066E-06
 1.1700000000E+02  3.4820702978E-06
 1.1800000000E+02  3.5597381112E-06
 1.1900000000E+02  3.5449452247E-06
 1.2000000000E+02  3.5849677929E-06
 1.2100000000E+02  3.6167347030E-06
 1.2200000000E+02  3.6370465906E-06
 1.2300000000E+02  3.6641142889E-06
 1.2400000000E+02  3.7077607235E-06
 1.2500000000E+02  3.7110238581E-06
 1.2600000000E+02  3.7340909223E-06
 1.2700000000E+02  3.7946868165E-06
 1.2800000000E+02  3.7981273594E-06
 1.2900000000E+02  3.7628951592E-06
 1.3000000000E+02  3.8283676645E-06
 1.3100000000E+02  3.8281358556E-06
 1.3200000000E+02  3.9352851159E-06
 1.3300000000E+02  3.8821507183E-06
 1.3400000000E+02  3.8480716602E-06
 1.3500000000E+02  3.8705798010E-06
 1.3600000000E+02  3.8559510781E-06
 1.3700000000E+02  3.9262383594E-06
 1.3800000000E+02  3.9108728034E-06
 1.3900000000E+02  3.9331964580E-06
 1.4000000000E+02  3.9294525732E-06
 1.4100000000E+02  3.9248219889E-06
 1.4200000000E+02  3.9040637672E-06
 1.4300000000E+02  3.9016393295E-06
 1.4400000000E+02  3.9194488047E-06
 1.4500000000E+02  3.9374158256E-06
 1.4600000000E+02  3.9119732322E-06
 1.4700000000E+02  3.9072068915E-06
 1.4800000000E+02  3.9648459103E-06
 1.4900000000E+02  3.9048984648E-06
 1.5000000000E+02  3.9312404501E-06
 1.5100000000E+02  3.9181639738E-06
 1.5200000000E+02  3.9058182691E-06
 1.5300000000E+02  3.9113204311E-06
 1.5400000000E+02  3.8857119371E-06
 1.5500000000E+02  3.8633968382E-06
 1.5600000000E+02  3.9172913055E-06
 1.5700000000E+02  3.8772765370E-06
 1.5800000000E+02  3.9475469676E-06
 1.5900000000E+02  3.8525472652E-06
 1.6000000000E+02  3.8955896820E-06
 1.6100000000E+02  3.8970729833E-06
 1.6200000000E+02  3.7932678791E-06
 1.6300000000E+02  3.8448559222E-06
 1.6400000000E+02  3.8516339139E-06
 1.6500000000E+02  3.7806443548E-06
 1.6600000000E+02  3.7924402006E-06
 1.6700000000E+02  3.7898050234E-06
 1.6800000000E+02  3.7566982576E-06
 1.6900000000E+02  3.7699205177E-06
 1.7000000000E+02  3.7511779697E-06
 1.7100000000E+02  3.7990328565E-06
 1.7200000000E+02  3.6896762984E-06
 1.7300000000E+02  3.7573432493E-06
 1.7400000000E+02  3.7387015447E-06
 1.7500000000E+02  3.6529264522E-06
 1.7600000000E+02  3.6869765317E-06
 1.7700000000E+02  3.6272336454E-06
 1.7800000000E+02  3.6592895255E-06
 1.7900000000E+02  3.6390185636E-06
 1.8000000000E+02  3.5697206436E-06
 1.8100000000E+02  3.5489391275E-06
 1.8200000000E+02  3.5536900832E-06
 1.8300000000E+02  3.5334581663E-06
 1.8400000000E+02  3.5137995233E-06
 1.8500000000E+02  3.4691233587E-06
 1.8600000000E+02  3.5061266311E-06
 1.8700000000E+02  3.5132440475E-06
 1.8800000000E+02  3.4685399830E-06
 1.8900000000E+02  3.4599490886E-06
 1.9000000000E+02  3.3815380029E-06
 1.9100000000E+02  3.3350079087E-06
 1.9200000000E+02  3.4344380260E-06
 1.9300000000E+02  3.3285551070E-06
 1.9400000000E+02  3.3297088098E-06
 1.9500000000E+02  3.2577645012E-06
 1.9600000000E+02  3.3657852328E-06
 1.9700000000E+02  3.2528269866E-06
 1.9800000000E+02  3.1876324709E-06
 1.9900000000E+02  3.2504056735E-06
 2.0000000000E+02  3.2130154387E-06
 2.0100000000E+02  3.1780346717E-06
 2.0200000000E+02  3.1982773121E-06
 2.0300000000E+02  3.1939970426E-06
 2.0400000000E+02  3.0824104359E-06
 2.0500000000E+02  3.1030803128E-06
 2.0600000000E+02  3.0370168168E-06
 2.0700000000E+02  3.0380595971E-06
 2.0800000000E+02  3.0299577287E-06
 2.0900000000E+02  2.9454284073E-06
 2.1000000000E+02  2.9182095134E-06
 2.1100000000E+02  2.9718389457E-06
 2.1200000000E+02  2.9488857773E-06
 2.1300000000E+02  2.9343205519E-06
 2.1400000000E+02  2.8926455229E-06
 2.1500000000E+02  2.8237162933E-06
 2.1600000000E+02  2.8251737557E-06
 2.1700000000E+02  2.7407302204E-06
 2.1800000000E+02  2.7720819289E-06
 2.1900000000E+02  2.7450605498E-06
 2.2000000000E+02  2.7478526794E-06
 2.2100000000E+02  2.7072214646E-06
 2.2200000000E+02  2.5854603416E-06
 2.2300000000E+02  2.6582427247E-06
 2.2400000000E+02  2.5696580723E-06
 2.2500000000E+02  2.5643773295E-06
 2.2600000000E+02  2.5323494003E-06
 2.2700000000E+02  2.5053531876E-06
 2.2800000000E+02  2.4476862303E-06
 2.2900000000E+02  2.4884915990E-06
 2.3000000000E+02  2.5185666004E-06
 2.3100000000E+02  2.4424281674E-06
 2.3200000000E+02  2.3380188759E-06
 2.3300000000E+02  2.3246919384E-06
 2.3400000000E+02  2.3490993690E-06
 2.3500000000E+02  2.2459641212E-06
 2.3600000000E+02  2.1977938137E-06
 2.3700000000E+02  2.2078838102E-06
 2.3800000000E+02  2.1885359056E-06
 2.3900000000E+02  2.1605342927E-06
 2.4000000000E+02  2.0815595682E-06
 2.4100000000E+02  2.1140365284E-06
 2.4200000000E+02  2.0819079813E-06
 2.4300000000E+02  2.0860002533E-06
 2.4400000000E+02  2.0310056082E-06
 2.4500000000E+02  1.9701828072E-06
 2.4600000000E+02  2.0115811455E-06
 2.4700000000E+02  1.8789192541E-06
 2.4800000000E+02  1.8735646456E-06
 2.4900000000E+02  1.8810992882E-06
 2.5000000000E+02  1.8332333992E-06
 2.5100000000E+02  1.8074208614E-06
 2.5200000000E+02  1.6705040478E-06
 2.5300000000E+02  1.7613354563E-06
 2.5400000000E+02  1.6931446928E-06
 2.5500000000E+02  1.6566695079E-06
 2.5600000000E+02  1.5610993002E-06
 2.5700000000E+02  1.7092149344E-06
 2.5800000000E+02  1.5618355845E-06
 2.5900000000E+02  1.5813017657E-06
 2.6000000000E+02  1.5526195938E-06
 2.6100000000E+02  1.4316967243E-06
 2.6200000000E+02  1.4546500909E-06
 2.6300000000E+02  1.3467072465E-06
 2.6400000000E+02  1.4013563589E-06
 2.6500000000E+02  1.3131084007E-06
 2.6600000000E+02  1.2762267707E-06
 2.6700000000E+02  1.2955659259E-06
 2.6800000000E+02  1.1987557213E-06
 2.6900000000E+02  1.2236687135E-06
 2.7000000000E+02  1.1616361308E-06
 2.7100000000E+02  1.1325697622E-06
 2.7200000000E+02  1.0493939262E-06
 2.7300000000E+02  1.0192939242E-06
 2.7400000000E+02  9.9180969665E-07
 2.7500000000E+02  1.0186084632E-06
 2.7600000000E+02  9.5098878643E-07
 2.7700000000E+02  8.9407370306E-07
 2.7800000000E+02  8.5332386415E-07
 2.7900000000E+02  8.1586882200E-07
 2.8000000000E+02  7.5789102009E-07
 2.8100000000E+02  7.6046426975E-07
 2.8200000000E+02  7.4600106340E-07
 2.8300000000E+02  7.1204011342E-07
 2.8400000000E+02  6.5179436055E-07
 2.8500000000E+02  5.6890588902E-07
 2.8600000000E+02  5.5399730102E-07
 2.8700000000E+02  5.3300618210E-07
 2.8800000000E+02  5.0702172544E-07
 2.8900000000E+02  4.5606535892E-07
 2.9000000000E+02  3.7248429126E-07
 2.9100000000E+02  3.9391771523E-07
 2.9200000000E+02  3.2333308948E-07
 2.9300000000E+02  3.1371108882E-07
 2.9400000000E+02  2.8991975600E-07
 2.9500000000E+02  1.7224268911E-07
 2.9600000000E+02  2.0927377427E-07
 2.9700000000E+02  1.4436241242E-07
 2.9800000000E+02  1.4268019959E-07
 2.9900000000E+02  1.0952816563E-07
 3.0000000000E+02  7.7188604939E-08
 3.0100000000E+02  5.4841381320E-08
 3.0200000000E+02  8.8696330396E-08
