 8.0000000000E+00  9.8428821409E-08
 8.5000000000E+00  9.4936594212E-08
 9.0000000000E+00  8.0004473514E-09
 9.5000000000E+00  6.8147878804E-08
 1.0000000000E+01  1.0081579597E-07
 1.0500000000E+01  7.0965616025E-08
 1.1000000000E+01  6.5557268575E-08
 1.1500000000E+01  5.2241205936E-08
 1.2000000000E+01  1.1087547031E-07
 1.2500000000E+01  5.2925888348E-08
 1.3000000000E+01  3.7788268214E-08
 1.3500000000E+01  3.8552073576E-08
 1.4000000000E+01  5.1408761201E-08
 1.4500000000E+01  3.0414871943E-08
 1.5000000000E+01  4.6851548790E-08
 1.5500000000E+01  3.5875086831E-08
 1.6000000000E+01  1.5955860771E-08
 1.6500000000E+01  3.3201014975E-08
 1.7000000000E+01  2.9481962496E-08
 1.7500000000E+01  2.1205632653E-08
 1.8000000000E+01  3.5651288931E-08
 1.8500000000E+01  2.2485948689E-08
 1.9000000000E+01  3.5868260621E-08
 1.9500000000E+01  4.3962530491E-08
 2.0000000000E+01  6.4042047820E-08
 2.0500000000E+01  1.0094194786E-07
 2.1000000000E+01  1.1238334152E-07
 2.1500000000E+01  1.6427222862E-07
 2.2000000000E+01  2.2329302118E-07
 2.2500000000E+01  2.7251153347E-07
 2.3000000000E+01  3.3553411229E-07
 2.3500000000E+01  4.2476521379E-07
 2.4000000000E+01  4.9126950185E-07
 2.4500000000E+01  5.8646796429E-07
 2.5000000000E+01  6.5841798611E-07
 2.5500000000E+01  7.5268330565E-07
 2.6000000000E+01  8.5025909984E-07
 2.6500000000E+01  9.2072882045E-07
 2.7000000000E+01  1.0282425439E-06
 2.7500000000E+01  1.1167479959E-06
 2.8000000000E+01  1.2078572702E-06
 2.8500000000E+01  1.2638424800E-06
 2.9000000000E+01  1.3756140193E-06
 2.9500000000E+01  1.4270516924E-06
 3.0000000000E+01  1.4783076122E-06
 3.0500000000E+01  1.5459483578E-06
 3.1000000000E+01  1.6135926931E-06
 3.1500000000E+01  1.6286016839E-06
 3.2000000000E+01  1.6922490746E-06
 3.2500000000E+01  1.7188342767E-06
 3.3000000000E+01  1.7748725010E-06
 3.3500000000E+01  1.7846205879E-06
 3.4000000000E+01  1.8008264371E-06
 3.4500000000E+01  1.8153623181E-06
 3.5000000000E+01  1.8315061983E-06
 3.5500000000E+01  1.8411491967E-06
 3.6000000000E+01  1.8345522444E-06
 3.6500000000E+01  1.8244499471E-06
 3.7000000000E+01  1.8222145086E-06
 3.7500000000E+01  1.8098379519E-06
 3.8000000000E+01  1.7816402865E-06
 3.8500000000E+01  1.7795763911E-06
 3.9000000000E+01  1.7423287293E-06
 3.9500000000E+01  1.7303004949E-06
 4.0000000000E+01  1.6909180714E-06
 4.0500000000E+01  1.6880565785E-06
 4.1000000000E+01  1.6809590856E-06
 4.1500000000E+01  1.6555527168E-06
 4.2000000000E+01  1.6270903970E-06
 4.2500000000E+01  1.6064630255E-06
 4.3000000000E+01  1.5936174343E-06
 4.3500000000E+01  1.5692140500E-06
 4.4000000000E+01  1.5447622419E-06
 4.4500000000E+01  1.5184964839E-06
 4.5000000000E+01  1.4999245180E-06
 4.5500000000E+01  1.4574975883E-06
 4.6000000000E+01  1.4412267858E-06
 4.6500000000E+01  1.4066535251E-06
 4.7000000000E+01  1.3694214274E-06
 4.7500000000E+01  1.3558960862E-06
 4.8000000000E+01  1.3309661020E-06
 4.8500000000E+01  1.2787456217E-06
 4.9000000000E+01  1.2622899504E-06
 4.9500000000E+01  1.2439348873E-06
 5.0000000000E+01  1.2079907045E-06
 5.0500000000E+01  1.1879737626E-06
 5.1000000000E+01  1.1605423197E-06
 5.1500000000E+01  1.1420142916E-06
 5.2000000000E+01  1.1235024157E-06
 5.2500000000E+01  1.0928287225E-06
 5.3000000000E+01  1.0726644182E-06
 5.3500000000E+01  1.0603976871E-06
 5.4000000000E+01  1.0297257613E-06
 5.4500000000E+01  1.0102678638E-06
 5.5000000000E+01  9.8941032759E-07
 5.5500000000E+01  9.6617542859E-07
 5.6000000000E+01  9.4324671856E-07
 5.6500000000E+01  9.2628695831E-07
 5.7000000000E+01  9.1142238873E-07
 5.7500000000E+01  9.5120090795E-07
 5.8000000000E+01  1.3781514127E-06
 5.8500000000E+01  8.7725915113E-07
 5.9000000000E+01  1.2134607003E-06
 5.9500000000E+01  1.4833616283E-06
 6.0000000000E+01  7.9686972275E-07
 6.0500000000E+01  7.5901474475E-07
 6.1000000000E+01  7.3361472915E-07
 6.1500000000E+01  7.2183200517E-07
 6.2000000000E+01  7.0011152608E-07
 6.2500000000E+01  6.8686816615E-07
 6.3000000000E+01  6.7116619460E-07
 6.3500000000E+01  6.4895184147E-07
 6.4000000000E+01  6.2649143501E-07
 6.4500000000E+01  6.1401482109E-07
 6.5000000000E+01  6.0099793097E-07
 6.5500000000E+01  5.8643314755E-07
 6.6000000000E+01  5.6424899347E-07
 6.6500000000E+01  5.7236007369E-07
 6.7000000000E+01  7.9518692646E-07
 6.7500000000E+01  6.4420391054E-07
 6.8000000000E+01  4.9887888957E-07
 6.8500000000E+01  4.7638058060E-07
 6.9000000000E+01  5.4002572097E-07
 6.9500000000E+01  4.6196362334E-07
 7.0000000000E+01  4.0686933348E-07
 7.0500000000E+01  3.8700381235E-07
 7.1000000000E+01  3.7359364020E-07
 7.1500000000E+01  3.4763247201E-07
 7.2000000000E+01  3.3989806800E-07
 7.2500000000E+01  3.3250905262E-07
 7.3000000000E+01  3.0902795946E-07
 7.3500000000E+01  2.8326150716E-07
 7.4000000000E+01  2.7468222532E-07
 7.4500000000E+01  2.4870495573E-07
 7.5000000000E+01  2.3224506360E-07
 7.5500000000E+01  2.0909027341E-07
 7.6000000000E+01  1.9635067569E-07
 7.6500000000E+01  1.7105516325E-07
 7.7000000000E+01  1.5007855162E-07
 7.7500000000E+01  1.3072053346E-07
 7.8000000000E+01  1.1044493343E-07
 7.8500000000E+01  8.7531003626E-08
 7.9000000000E+01  6.1606448927E-08
 7.9500000000E+01  3.7904007581E-08
 8.0000000000E+01  9.7400850312E-09
 8.0500000000E+01  3.5740862026E-10
 8.1000000000E+01  3.8835682695E-10
 8.1500000000E+01  4.1401056990E-10
 8.2000000000E+01  2.1188790287E-10
