 1.0000000000E+01  7.2923674039E-08
 1.0500000000E+01  6.6786570845E-08
 1.1000000000E+01  7.2963808164E-08
 1.1500000000E+01  5.7472255209E-08
 1.2000000000E+01  7.0248354609E-08
 1.2500000000E+01  5.7179710599E-08
 1.3000000000E+01  2.2602000427E-08
 1.3500000000E+01  4.4422982445E-08
 1.4000000000E+01  4.7330866821E-08
 1.4500000000E+01  3.5426615958E-08
 1.5000000000E+01  2.5629355399E-08
 1.5500000000E+01  4.0617222469E-08
 1.6000000000E+01  9.4528477727E-09
 1.6500000000E+01  2.4123861920E-08
 1.7000000000E+01  2.7206691130E-08
 1.7500000000E+01  2.5953273862E-08
 1.8000000000E+01  1.1649419928E-08
 1.8500000000E+01  2.3096971460E-08
 1.9000000000E+01  1.5211931548E-08
 1.9500000000E+01  2.3170267999E-08
 2.0000000000E+01  2.8084197700E-08
 2.0500000000E+01  2.9980318493E-08
 2.1000000000E+01  2.8835801140E-08
 2.1500000000E+01  4.0160095480E-08
 2.2000000000E+01  6.0814589514E-08
 2.2500000000E+01  9.1926887982E-08
 2.3000000000E+01  9.6612462652E-08
 2.3500000000E+01  1.1954247689E-07
 2.4000000000E+01  1.5414420818E-07
 2.4500000000E+01  1.9561727587E-07
 2.5000000000E+01  2.4288599900E-07
 2.5500000000E+01  2.8483283900E-07
 2.6000000000E+01  3.3831538434E-07
 2.6500000000E+01  3.8897232322E-07
 2.7000000000E+01  4.5211242453E-07
 2.7500000000E+01  5.0594194632E-07
 2.8000000000E+01  5.7325363903E-07
 2.8500000000E+01  6.2979433074E-07
 2.9000000000E+01  6.8334499604E-07
 2.9500000000E+01  7.7829911761E-07
 3.0000000000E+01  8.1880747749E-07
 3.0500000000E+01  8.8210928891E-07
 3.1000000000E+01  9.1963628687E-07
 3.1500000000E+01  9.9755013855E-07
 3.2000000000E+01  1.0415623884E-06
 3.2500000000E+01  1.0764584498E-06
 3.3000000000E+01  1.1276424597E-06
 3.3500000000E+01  1.1751289693E-06
 3.4000000000E+01  1.2236623797E-06
 3.4500000000E+01  1.2320281025E-06
 3.5000000000E+01  1.2913117195E-06
 3.5500000000E+01  1.3145538416E-06
 3.6000000000E+01  1.3373388196E-06
 3.6500000000E+01  1.3561871013E-06
 3.7000000000E+01  1.3726483305E-06
 3.7500000000E+01  1.3924337958E-06
 3.8000000000E+01  1.3856990477E-06
 3.8500000000E+01  1.4010995372E-06
 3.9000000000E+01  1.4222985913E-06
 3.9500000000E+01  1.4229392841E-06
 4.0000000000E+01  1.4097279877E-06
 4.0500000000E+01  1.4379624106E-06
 4.1000000000E+01  1.4304817626E-06
 4.1500000000E+01  1.4305673051E-06
 4.2000000000E+01  1.4311290089E-06
 4.2500000000E+01  1.4257438674E-06
 4.3000000000E+01  1.4274736835E-06
 4.3500000000E+01  1.4357631090E-06
 4.4000000000E+01  1.4116301694E-06
 4.4500000000E+01  1.4030262737E-06
 4.5000000000E+01  1.3907367838E-06
 4.5500000000E+01  1.3833001191E-06
 4.6000000000E+01  1.3772140198E-06
 4.6500000000E+01  1.3616914415E-06
 4.7000000000E+01  1.3417217747E-06
 4.7500000000E+01  1.3255565172E-06
 4.8000000000E+01  1.3236372507E-06
 4.8500000000E+01  1.3092655323E-06
 4.9000000000E+01  1.2770722730E-06
 4.9500000000E+01  1.2779551533E-06
 5.0000000000E+01  1.2600892710E-06
 5.0500000000E+01  1.2423222864E-06
 5.1000000000E+01  1.2302303364E-06
 5.1500000000E+01  1.2197092570E-06
 5.2000000000E+01  1.2057705352E-06
 5.2500000000E+01  1.1903139151E-06
 5.3000000000E+01  1.1802932658E-06
 5.3500000000E+01  1.1677186391E-06
 5.4000000000E+01  1.1560976126E-06
 5.4500000000E+01  1.1418828361E-06
 5.5000000000E+01  1.1378546994E-06
 5.5500000000E+01  1.1039312194E-06
 5.6000000000E+01  1.1097598214E-06
 5.6500000000E+01  1.0934745770E-06
 5.7000000000E+01  1.0805215242E-06
 5.7500000000E+01  1.3448689507E-06
 5.8000000000E+01  3.1204278827E-06
 5.8500000000E+01  1.2275197419E-06
 5.9000000000E+01  2.7123393936E-06
 5.9500000000E+01  3.7919674102E-06
 6.0000000000E+01  1.0277183907E-06
 6.0500000000E+01  9.7299771859E-07
 6.1000000000E+01  9.5167123001E-07
 6.1500000000E+01  9.4997359328E-07
 6.2000000000E+01  9.2710256709E-07
 6.2500000000E+01  9.1542830962E-07
 6.3000000000E+01  9.1737609872E-07
 6.3500000000E+01  9.0497974851E-07
 6.4000000000E+01  8.8114922747E-07
 6.4500000000E+01  8.8774283787E-07
 6.5000000000E+01  8.7139011681E-07
 6.5500000000E+01  8.7362609796E-07
 6.6000000000E+01  8.4528750695E-07
 6.6500000000E+01  9.4197368045E-07
 6.7000000000E+01  1.9362964993E-06
 6.7500000000E+01  1.4245071552E-06
 6.8000000000E+01  8.2515388192E-07
 6.8500000000E+01  8.2086584797E-07
 6.9000000000E+01  1.1380393487E-06
 6.9500000000E+01  8.6649148528E-07
 7.0000000000E+01  6.9480834839E-07
 7.0500000000E+01  6.9016192684E-07
 7.1000000000E+01  6.8527333262E-07
 7.1500000000E+01  6.7253712772E-07
 7.2000000000E+01  6.5364134676E-07
 7.2500000000E+01  6.5157509242E-07
 7.3000000000E+01  6.3694455297E-07
 7.3500000000E+01  6.3051115701E-07
 7.4000000000E+01  6.2436263931E-07
 7.4500000000E+01  6.1455635103E-07
 7.5000000000E+01  5.9962985710E-07
 7.5500000000E+01  5.9511950653E-07
 7.6000000000E+01  5.8309170250E-07
 7.6500000000E+01  5.6128434880E-07
 7.7000000000E+01  5.5822055445E-07
 7.7500000000E+01  5.5350442717E-07
 7.8000000000E+01  5.4474479735E-07
 7.8500000000E+01  5.2940030552E-07
 7.9000000000E+01  5.1935991352E-07
 7.9500000000E+01  5.0509873050E-07
 8.0000000000E+01  4.9934122661E-07
 8.0500000000E+01  4.9075182106E-07
 8.1000000000E+01  4.8253319019E-07
 8.1500000000E+01  4.6786544133E-07
 8.2000000000E+01  4.6366917597E-07
 8.2500000000E+01  4.5529718025E-07
 8.3000000000E+01  4.3939270998E-07
 8.3500000000E+01  4.3281131102E-07
 8.4000000000E+01  4.2279137608E-07
 8.4500000000E+01  4.1320897232E-07
 8.5000000000E+01  4.1139193215E-07
 8.5500000000E+01  3.9532057107E-07
 8.6000000000E+01  3.8336570834E-07
 8.6500000000E+01  3.7448725174E-07
 8.7000000000E+01  3.6019617616E-07
 8.7500000000E+01  3.5013879976E-07
 8.8000000000E+01  3.3511692816E-07
 8.8500000000E+01  3.1698889888E-07
 8.9000000000E+01  3.0908684303E-07
 8.9500000000E+01  3.0618178987E-07
 9.0000000000E+01  2.8803724657E-07
 9.0500000000E+01  2.7558370554E-07
 9.1000000000E+01  2.7007381598E-07
 9.1500000000E+01  2.5248983423E-07
 9.2000000000E+01  2.3966862720E-07
 9.2500000000E+01  2.2765862081E-07
 9.3000000000E+01  2.2001391017E-07
 9.3500000000E+01  2.0320477088E-07
 9.4000000000E+01  1.9340325768E-07
 9.4500000000E+01  1.7762136892E-07
 9.5000000000E+01  1.6746861209E-07
 9.5500000000E+01  1.5112164966E-07
 9.6000000000E+01  1.3793456581E-07
 9.6500000000E+01  1.2298776117E-07
 9.7000000000E+01  1.0765072344E-07
 9.7500000000E+01  9.6083571245E-08
 9.8000000000E+01  7.9001979904E-08
 9.8500000000E+01  6.2023937399E-08
 9.9000000000E+01  4.4661328281E-08
 9.9500000000E+01  2.8080242674E-08
 1.0000000000E+02  6.4859788901E-09
 1.0050000000E+02  7.4918017172E-10
 1.0100000000E+02  8.4648769416E-10
 1.0150000000E+02  1.3206127867E-09
 1.0200000000E+02  8.9574022264E-10
