 1.8000000000E+01  1.3797868158E-07
 1.9000000000E+01  1.0789054899E-07
 2.0000000000E+01  9.3377302447E-08
 2.1000000000E+01  5.4402665338E-08
 2.2000000000E+01  3.1031915285E-08
 2.3000000000E+01  5.8147514739E-08
 2.4000000000E+01  4.5279917294E-08
 2.5000000000E+01  4.2780810955E-08
 2.6000000000E+01  3.8814619388E-08
 2.7000000000E+01  5.3411757577E-08
 2.8000000000E+01  5.8176610676E-08
 2.9000000000E+01  8.7306636011E-08
 3.0000000000E+01  1.0908603432E-07
 3.1000000000E+01  1.4730751659E-07
 3.2000000000E+01  2.2509122669E-07
 3.3000000000E+01  3.0736998644E-07
 3.4000000000E+01  3.9476220536E-07
 3.5000000000E+01  5.3303320847E-07
 3.6000000000E+01  6.2038501445E-07
 3.7000000000E+01  7.7186763617E-07
 3.8000000000E+01  9.1039568531E-07
 3.9000000000E+01  1.0591299387E-06
 4.0000000000E+01  1.2027050378E-06
 4.1000000000E+01  1.3395770389E-06
 4.2000000000E+01  1.5033132366E-06
 4.3000000000E+01  1.6567222242E-06
 4.4000000000E+01  1.7580254294E-06
 4.5000000000E+01  1.8773220089E-06
 4.6000000000E+01  2.0301602878E-06
 4.7000000000E+01  2.1136239341E-06
 4.8000000000E+01  2.2102315634E-06
 4.9000000000E+01  2.2863014539E-06
 5.0000000000E+01  2.3801830874E-06
 5.1000000000E+01  2.5014448287E-06
 5.2000000000E+01  2.5628462528E-06
 5.3000000000E+01  2.6393338304E-06
 5.4000000000E+01  2.6773237513E-06
 5.5000000000E+01  2.7398099093E-06
 5.6000000000E+01  2.8325953938E-06
 5.7000000000E+01  2.9586614477E-06
 5.8000000000E+01  1.0342596820E-05
 5.9000000000E+01  1.2929831742E-05
 6.0000000000E+01  7.3219252139E-06
 6.1000000000E+01  2.9558942180E-06
 6.2000000000E+01  2.9563998407E-06
 6.3000000000E+01  2.9804463774E-06
 6.4000000000E+01  2.9706325230E-06
 6.5000000000E+01  3.0187684233E-06
 6.6000000000E+01  3.0787441585E-06
 6.7000000000E+01  8.7182758889E-06
 6.8000000000E+01  4.0013076894E-06
 6.9000000000E+01  4.6417496555E-06
 7.0000000000E+01  2.8247025256E-06
 7.1000000000E+01  2.5462800931E-06
 7.2000000000E+01  2.5860206973E-06
 7.3000000000E+01  2.5540957214E-06
 7.4000000000E+01  2.5732068993E-06
 7.5000000000E+01  2.5972830130E-06
 7.6000000000E+01  2.6076461722E-06
 7.7000000000E+01  2.5737610061E-06
 7.8000000000E+01  2.5614009725E-06
 7.9000000000E+01  2.5332443385E-06
 8.0000000000E+01  2.5480751898E-06
 8.1000000000E+01  2.5243200823E-06
 8.2000000000E+01  2.5455023280E-06
 8.3000000000E+01  2.5425909823E-06
 8.4000000000E+01  2.5322891851E-06
 8.5000000000E+01  2.5183627003E-06
 8.6000000000E+01  2.4933821350E-06
 8.7000000000E+01  2.5179953745E-06
 8.8000000000E+01  2.5045734362E-06
 8.9000000000E+01  2.4076304675E-06
 9.0000000000E+01  2.3879559817E-06
 9.1000000000E+01  2.3857736644E-06
 9.2000000000E+01  2.3906841619E-06
 9.3000000000E+01  2.3376588524E-06
 9.4000000000E+01  2.3184243107E-06
 9.5000000000E+01  2.2904542955E-06
 9.6000000000E+01  2.3244728469E-06
 9.7000000000E+01  2.2962723455E-06
 9.8000000000E+01  2.2512376790E-06
 9.9000000000E+01  2.2272435316E-06
 1.0000000000E+02  2.2054545502E-06
 1.0100000000E+02  2.1646909787E-06
 1.0200000000E+02  2.1766334138E-06
 1.0300000000E+02  2.1801971509E-06
 1.0400000000E+02  2.1194856971E-06
 1.0500000000E+02  2.0980021949E-06
 1.0600000000E+02  2.0900049886E-06
 1.0700000000E+02  2.0497435592E-06
 1.0800000000E+02  2.0430122653E-06
 1.0900000000E+02  1.9892957084E-06
 1.1000000000E+02  1.9767373803E-06
 1.1100000000E+02  1.9549230490E-06
 1.1200000000E+02  1.8900534513E-06
 1.1300000000E+02  1.8497772723E-06
 1.1400000000E+02  1.8979684251E-06
 1.1500000000E+02  1.8044090615E-06
 1.1600000000E+02  1.7451648544E-06
 1.1700000000E+02  1.7375822424E-06
 1.1800000000E+02  1.7182003900E-06
 1.1900000000E+02  1.6679440036E-06
 1.2000000000E+02  1.5923439909E-06
 1.2100000000E+02  1.5916864109E-06
 1.2200000000E+02  1.5233622214E-06
 1.2300000000E+02  1.5404752018E-06
 1.2400000000E+02  1.4849599199E-06
 1.2500000000E+02  1.4420785241E-06
 1.2600000000E+02  1.4002804314E-06
 1.2700000000E+02  1.3695008348E-06
 1.2800000000E+02  1.2962338410E-06
 1.2900000000E+02  1.2625174695E-06
 1.3000000000E+02  1.1985368094E-06
 1.3100000000E+02  1.1658519984E-06
 1.3200000000E+02  1.1269613761E-06
 1.3300000000E+02  1.0624544729E-06
 1.3400000000E+02  1.0126520955E-06
 1.3500000000E+02  9.5063293523E-07
 1.3600000000E+02  9.3009900983E-07
 1.3700000000E+02  8.4935291116E-07
 1.3800000000E+02  8.0124885937E-07
 1.3900000000E+02  7.3350094075E-07
 1.4000000000E+02  7.0325268393E-07
 1.4100000000E+02  6.3749855990E-07
 1.4200000000E+02  5.8290420809E-07
 1.4300000000E+02  5.3017829894E-07
 1.4400000000E+02  4.5629847613E-07
 1.4500000000E+02  4.0747653293E-07
 1.4600000000E+02  3.0987036673E-07
 1.4700000000E+02  2.4605846992E-07
 1.4800000000E+02  1.8475252598E-07
 1.4900000000E+02  1.1562828481E-07
 1.5000000000E+02  4.4105007396E-08
 1.5100000000E+02  2.0274219156E-08
 1.5200000000E+02  2.8093565785E-08
