 3.0000000000E+00  3.9419469167E-07
 3.2000000000E+00  5.8434335806E-07
 3.4000000000E+00  1.4827590510E-06
 3.6000000000E+00  1.1208087430E-06
 3.8000000000E+00  1.2490089616E-06
 4.0000000000E+00  7.8887815916E-07
 4.2000000000E+00  1.7117016453E-06
 4.4000000000E+00  1.3755710265E-06
 4.6000000000E+00  1.3700869154E-06
 4.8000000000E+00  1.9691972908E-06
 5.0000000000E+00  1.2919203820E-06
 5.2000000000E+00  1.8175994604E-06
 5.4000000000E+00  3.2628596102E-06
 5.6000000000E+00  1.0959435277E-06
 5.8000000000E+00  1.8674002214E-06
 6.0000000000E+00  2.4965653589E-06
 6.2000000000E+00  1.6750532607E-06
 6.4000000000E+00  4.2808348122E-06
 6.6000000000E+00  3.1470980728E-06
 6.8000000000E+00  4.7807509513E-06
 7.0000000000E+00  6.4982868561E-06
 7.2000000000E+00  8.3246388667E-06
 7.4000000000E+00  1.4363744406E-05
 7.6000000000E+00  1.4160040931E-05
 7.8000000000E+00  1.7441089376E-05
 8.0000000000E+00  1.9570543732E-05
 8.2000000000E+00  3.5729847315E-05
 8.4000000000E+00  2.7205955341E-04
 8.6000000000E+00  1.0440953426E-04
 8.8000000000E+00  3.0718849359E-05
 9.0000000000E+00  4.2951581911E-05
 9.2000000000E+00  4.5665540758E-05
 9.4000000000E+00  4.0564252182E-05
 9.6000000000E+00  2.0026872035E-04
 9.8000000000E+00  2.4782719746E-04
 1.0000000000E+01  1.7864494357E-04
 1.0200000000E+01  7.7894671553E-05
 1.0400000000E+01  5.2131833979E-05
 1.0600000000E+01  5.3674474946E-05
 1.0800000000E+01  5.6889592722E-05
 1.1000000000E+01  5.4473845876E-05
 1.1200000000E+01  8.1706646259E-05
 1.1400000000E+01  1.0019270574E-04
 1.1600000000E+01  6.7095270491E-05
 1.1800000000E+01  6.4582259231E-05
 1.2000000000E+01  5.4862026955E-05
 1.2200000000E+01  5.3300304165E-05
 1.2400000000E+01  5.0354561035E-05
 1.2600000000E+01  5.1145324200E-05
 1.2800000000E+01  4.8561099944E-05
 1.3000000000E+01  4.9259342773E-05
 1.3200000000E+01  4.6966375170E-05
 1.3400000000E+01  4.5446258585E-05
 1.3600000000E+01  4.4994462639E-05
 1.3800000000E+01  4.3852657312E-05
 1.4000000000E+01  4.2273464687E-05
 1.4200000000E+01  4.0358836146E-05
 1.4400000000E+01  3.9427266926E-05
 1.4600000000E+01  3.8159423533E-05
 1.4800000000E+01  3.6431724673E-05
 1.5000000000E+01  3.5454419846E-05
 1.5200000000E+01  3.3096329269E-05
 1.5400000000E+01  3.2375213548E-05
 1.5600000000E+01  3.0343703046E-05
 1.5800000000E+01  2.8919626943E-05
 1.6000000000E+01  2.7512218723E-05
 1.6200000000E+01  2.5664126592E-05
 1.6400000000E+01  2.4688014064E-05
 1.6600000000E+01  2.3536743190E-05
 1.6800000000E+01  2.1652398021E-05
 1.7000000000E+01  2.0490178260E-05
 1.7200000000E+01  1.9231534333E-05
 1.7400000000E+01  1.7816874266E-05
 1.7600000000E+01  1.6195938214E-05
 1.7800000000E+01  1.5278348930E-05
 1.8000000000E+01  1.4068492352E-05
 1.8200000000E+01  1.2608408194E-05
 1.8400000000E+01  1.1568971810E-05
 1.8600000000E+01  9.8990911384E-06
 1.8800000000E+01  9.1226949131E-06
 1.9000000000E+01  7.7888087340E-06
 1.9200000000E+01  6.5937161701E-06
 1.9400000000E+01  5.4376257450E-06
 1.9600000000E+01  4.0335087548E-06
 1.9800000000E+01  2.7572942369E-06
 2.0000000000E+01  9.4635668229E-07
 2.0200000000E+01  6.1965653480E-09
 2.0400000000E+01  3.8968259718E-08
 2.0600000000E+01  2.0129403317E-08
 2.0800000000E+01  1.2773199195E-08
 2.1000000000E+01  2.6638614396E-08
 2.1200000000E+01  1.8373647948E-08
 2.1400000000E+01  1.3211850094E-08
 2.1600000000E+01  1.4927128102E-08
 2.1800000000E+01  1.6244372115E-08
 2.2000000000E+01  9.5251850399E-09
