 2.0000000000E+01  9.3886468547E-08
 2.1000000000E+01  1.0379722291E-07
 2.2000000000E+01  7.9326736722E-08
 2.3000000000E+01  1.4481484711E-07
 2.4000000000E+01  1.1237311504E-07
 2.5000000000E+01  9.1918318922E-08
 2.6000000000E+01  7.4581939228E-08
 2.7000000000E+01  6.3974027031E-08
 2.8000000000E+01  4.7830436179E-08
 2.9000000000E+01  7.1172947303E-08
 3.0000000000E+01  5.2017230804E-08
 3.1000000000E+01  6.3213453350E-08
 3.2000000000E+01  6.0442878356E-08
 3.3000000000E+01  5.3681869425E-08
 3.4000000000E+01  6.6982251235E-08
 3.5000000000E+01  7.1722454024E-08
 3.6000000000E+01  7.8542168757E-08
 3.7000000000E+01  9.0413088396E-08
 3.8000000000E+01  1.1518433358E-07
 3.9000000000E+01  1.5608329578E-07
 4.0000000000E+01  1.7923484682E-07
 4.1000000000E+01  2.5808003603E-07
 4.2000000000E+01  3.1332133547E-07
 4.3000000000E+01  3.7802285218E-07
 4.4000000000E+01  4.7784744510E-07
 4.5000000000E+01  5.4045724956E-07
 4.6000000000E+01  6.2839904465E-07
 4.7000000000E+01  7.1928514125E-07
 4.8000000000E+01  8.2542193841E-07
 4.9000000000E+01  9.2196246733E-07
 5.0000000000E+01  1.0393018936E-06
 5.1000000000E+01  1.1311740470E-06
 5.2000000000E+01  1.2594471480E-06
 5.3000000000E+01  1.3480045824E-06
 5.4000000000E+01  1.4989323112E-06
 5.5000000000E+01  1.5847020734E-06
 5.6000000000E+01  1.6857053362E-06
 5.7000000000E+01  1.8896138543E-06
 5.8000000000E+01  8.5154444278E-06
 5.9000000000E+01  1.1323600554E-05
 6.0000000000E+01  6.0868087397E-06
 6.1000000000E+01  2.2040923353E-06
 6.2000000000E+01  2.2485873895E-06
 6.3000000000E+01  2.3368755628E-06
 6.4000000000E+01  2.4323504907E-06
 6.5000000000E+01  2.5295148380E-06
 6.6000000000E+01  2.6776890412E-06
 6.7000000000E+01  9.1907015395E-06
 6.8000000000E+01  3.7905834392E-06
 6.9000000000E+01  4.7733785863E-06
 7.0000000000E+01  2.5288286609E-06
 7.1000000000E+01  2.2712837853E-06
 7.2000000000E+01  2.3280666272E-06
 7.3000000000E+01  2.3720461963E-06
 7.4000000000E+01  2.4501271620E-06
 7.5000000000E+01  2.4775767968E-06
 7.6000000000E+01  2.5115201267E-06
 7.7000000000E+01  2.5614971856E-06
 7.8000000000E+01  2.5891036572E-06
 7.9000000000E+01  2.6318557371E-06
 8.0000000000E+01  2.6572638725E-06
 8.1000000000E+01  2.7178083197E-06
 8.2000000000E+01  2.7854041247E-06
 8.3000000000E+01  2.8269817725E-06
 8.4000000000E+01  2.8731232770E-06
 8.5000000000E+01  2.8858650973E-06
 8.6000000000E+01  2.9485915944E-06
 8.7000000000E+01  2.9523595749E-06
 8.8000000000E+01  2.9822262413E-06
 8.9000000000E+01  2.9225272508E-06
 9.0000000000E+01  2.9735404518E-06
 9.1000000000E+01  2.9679166891E-06
 9.2000000000E+01  2.9982467982E-06
 9.3000000000E+01  3.0413943058E-06
 9.4000000000E+01  2.9944729435E-06
 9.5000000000E+01  3.0610784317E-06
 9.6000000000E+01  3.0442614353E-06
 9.7000000000E+01  3.0771845280E-06
 9.8000000000E+01  3.0700616003E-06
 9.9000000000E+01  3.0471984403E-06
 1.0000000000E+02  3.0916628292E-06
 1.0100000000E+02  3.1323259130E-06
 1.0200000000E+02  3.1264624506E-06
 1.0300000000E+02  3.1343833066E-06
 1.0400000000E+02  3.1247362202E-06
 1.0500000000E+02  3.1263556131E-06
 1.0600000000E+02  3.0972057021E-06
 1.0700000000E+02  3.1251568228E-06
 1.0800000000E+02  3.1420208507E-06
 1.0900000000E+02  3.1456285694E-06
 1.1000000000E+02  3.1480644930E-06
 1.1100000000E+02  3.1269035573E-06
 1.1200000000E+02  3.1270128812E-06
 1.1300000000E+02  3.1226760333E-06
 1.1400000000E+02  3.1472330304E-06
 1.1500000000E+02  3.1186567246E-06
 1.1600000000E+02  3.1175666669E-06
 1.1700000000E+02  3.0709594633E-06
 1.1800000000E+02  3.0723914509E-06
 1.1900000000E+02  3.1010412796E-06
 1.2000000000E+02  3.0574744912E-06
 1.2100000000E+02  3.0515957376E-06
 1.2200000000E+02  3.0632549118E-06
 1.2300000000E+02  3.0230633709E-06
 1.2400000000E+02  2.9842422386E-06
 1.2500000000E+02  2.9947741475E-06
 1.2600000000E+02  2.9456722001E-06
 1.2700000000E+02  2.9559627947E-06
 1.2800000000E+02  2.9767384506E-06
 1.2900000000E+02  2.9150554638E-06
 1.3000000000E+02  2.8713112289E-06
 1.3100000000E+02  2.8444771607E-06
 1.3200000000E+02  2.8503963728E-06
 1.3300000000E+02  2.7901033565E-06
 1.3400000000E+02  2.8250198678E-06
 1.3500000000E+02  2.7845130525E-06
 1.3600000000E+02  2.7687422658E-06
 1.3700000000E+02  2.7425372403E-06
 1.3800000000E+02  2.7080371545E-06
 1.3900000000E+02  2.6296761046E-06
 1.4000000000E+02  2.6532836349E-06
 1.4100000000E+02  2.5996558375E-06
 1.4200000000E+02  2.5835864116E-06
 1.4300000000E+02  2.5526662342E-06
 1.4400000000E+02  2.5195746203E-06
 1.4500000000E+02  2.5100240026E-06
 1.4600000000E+02  2.4450776702E-06
 1.4700000000E+02  2.4764310658E-06
 1.4800000000E+02  2.4090273983E-06
 1.4900000000E+02  2.3664226717E-06
 1.5000000000E+02  2.3203055811E-06
 1.5100000000E+02  2.3171969986E-06
 1.5200000000E+02  2.2690715494E-06
 1.5300000000E+02  2.2112355587E-06
 1.5400000000E+02  2.1954722522E-06
 1.5500000000E+02  2.1677233184E-06
 1.5600000000E+02  2.1288266427E-06
 1.5700000000E+02  2.0900157176E-06
 1.5800000000E+02  2.0779006489E-06
 1.5900000000E+02  2.0314939153E-06
 1.6000000000E+02  1.9649290184E-06
 1.6100000000E+02  1.9959481055E-06
 1.6200000000E+02  1.9306118802E-06
 1.6300000000E+02  1.8730371188E-06
 1.6400000000E+02  1.8579332150E-06
 1.6500000000E+02  1.7895900541E-06
 1.6600000000E+02  1.7736112974E-06
 1.6700000000E+02  1.7074175064E-06
 1.6800000000E+02  1.6903676060E-06
 1.6900000000E+02  1.6003104928E-06
 1.7000000000E+02  1.5838271200E-06
 1.7100000000E+02  1.5821181969E-06
 1.7200000000E+02  1.5234584406E-06
 1.7300000000E+02  1.4769903460E-06
 1.7400000000E+02  1.3804805612E-06
 1.7500000000E+02  1.3866022237E-06
 1.7600000000E+02  1.3333801433E-06
 1.7700000000E+02  1.2818971110E-06
 1.7800000000E+02  1.2144273134E-06
 1.7900000000E+02  1.1950390609E-06
 1.8000000000E+02  1.1412381967E-06
 1.8100000000E+02  1.0864204364E-06
 1.8200000000E+02  1.0285770789E-06
 1.8300000000E+02  9.6818345909E-07
 1.8400000000E+02  9.7147502927E-07
 1.8500000000E+02  9.0428303435E-07
 1.8600000000E+02  8.3346773648E-07
 1.8700000000E+02  8.0830182693E-07
 1.8800000000E+02  7.4292904397E-07
 1.8900000000E+02  6.7627159249E-07
 1.9000000000E+02  6.1282201797E-07
 1.9100000000E+02  5.6716296189E-07
 1.9200000000E+02  5.0703517097E-07
 1.9300000000E+02  4.4143000327E-07
 1.9400000000E+02  3.8984244924E-07
 1.9500000000E+02  3.3958480466E-07
 1.9600000000E+02  2.6539023449E-07
 1.9700000000E+02  2.2698282046E-07
 1.9800000000E+02  1.6526341646E-07
 1.9900000000E+02  1.0670947325E-07
 2.0000000000E+02  5.1941980468E-08
 2.0100000000E+02  3.2192971139E-08
 2.0200000000E+02  4.1627138181E-08
