 2.8000000000E+01  7.2748975765E-08
 2.9000000000E+01  7.1753982334E-08
 3.0000000000E+01  8.7132689552E-08
 3.1000000000E+01  7.1690149615E-08
 3.2000000000E+01  7.7916976707E-08
 3.3000000000E+01  7.9860292282E-08
 3.4000000000E+01  4.6446971255E-08
 3.5000000000E+01  6.0657673171E-08
 3.6000000000E+01  4.4390645595E-08
 3.7000000000E+01  5.3503951072E-08
 3.8000000000E+01  4.9307193680E-08
 3.9000000000E+01  5.0971464752E-08
 4.0000000000E+01  5.7360526221E-08
 4.1000000000E+01  6.3663012622E-08
 4.2000000000E+01  8.0023180124E-08
 4.3000000000E+01  8.8380447972E-08
 4.4000000000E+01  1.0887580015E-07
 4.5000000000E+01  1.2046766187E-07
 4.6000000000E+01  1.5149862962E-07
 4.7000000000E+01  1.9536433672E-07
 4.8000000000E+01  2.3374178063E-07
 4.9000000000E+01  2.6844180886E-07
 5.0000000000E+01  3.3847100902E-07
 5.1000000000E+01  3.9700272825E-07
 5.2000000000E+01  4.6603926547E-07
 5.3000000000E+01  5.1724069428E-07
 5.4000000000E+01  6.0225159820E-07
 5.5000000000E+01  6.8318733888E-07
 5.6000000000E+01  7.6266669778E-07
 5.7000000000E+01  8.8745834618E-07
 5.8000000000E+01  4.7456754831E-06
 5.9000000000E+01  6.7836929376E-06
 6.0000000000E+01  3.3475957793E-06
 6.1000000000E+01  1.1957825115E-06
 6.2000000000E+01  1.2938325074E-06
 6.3000000000E+01  1.3892766286E-06
 6.4000000000E+01  1.4460852313E-06
 6.5000000000E+01  1.5831329544E-06
 6.6000000000E+01  1.7330842949E-06
 6.7000000000E+01  6.8579880183E-06
 6.8000000000E+01  2.6624279079E-06
 6.9000000000E+01  3.5340928031E-06
 7.0000000000E+01  1.6702328863E-06
 7.1000000000E+01  1.5289569128E-06
 7.2000000000E+01  1.6057813216E-06
 7.3000000000E+01  1.6759439877E-06
 7.4000000000E+01  1.7346963648E-06
 7.5000000000E+01  1.8239612334E-06
 7.6000000000E+01  1.8758706522E-06
 7.7000000000E+01  1.9464382625E-06
 7.8000000000E+01  2.0042992154E-06
 7.9000000000E+01  2.0686147757E-06
 8.0000000000E+01  2.1357532114E-06
 8.1000000000E+01  2.1889032783E-06
 8.2000000000E+01  2.2681819099E-06
 8.3000000000E+01  2.3318829423E-06
 8.4000000000E+01  2.3940953080E-06
 8.5000000000E+01  2.4515547067E-06
 8.6000000000E+01  2.5453725389E-06
 8.7000000000E+01  2.5741080477E-06
 8.8000000000E+01  2.6090493322E-06
 8.9000000000E+01  2.6331053645E-06
 9.0000000000E+01  2.6619098829E-06
 9.1000000000E+01  2.7472088800E-06
 9.2000000000E+01  2.7809301746E-06
 9.3000000000E+01  2.8214811359E-06
 9.4000000000E+01  2.8652631759E-06
 9.5000000000E+01  2.8824015857E-06
 9.6000000000E+01  2.9175285910E-06
 9.7000000000E+01  2.9736907983E-06
 9.8000000000E+01  3.0155707225E-06
 9.9000000000E+01  3.0864800612E-06
 1.0000000000E+02  3.1000084587E-06
 1.0100000000E+02  3.1101596040E-06
 1.0200000000E+02  3.1235655380E-06
 1.0300000000E+02  3.2123835407E-06
 1.0400000000E+02  3.2619039346E-06
 1.0500000000E+02  3.2380672288E-06
 1.0600000000E+02  3.2727074185E-06
 1.0700000000E+02  3.2708640359E-06
 1.0800000000E+02  3.3296336940E-06
 1.0900000000E+02  3.3950575328E-06
 1.1000000000E+02  3.3735427129E-06
 1.1100000000E+02  3.4003343826E-06
 1.1200000000E+02  3.4401328085E-06
 1.1300000000E+02  3.4332020598E-06
 1.1400000000E+02  3.4597392257E-06
 1.1500000000E+02  3.4914476226E-06
 1.1600000000E+02  3.4658521432E-06
 1.1700000000E+02  3.4831048262E-06
 1.1800000000E+02  3.5775968284E-06
 1.1900000000E+02  3.5125724221E-06
 1.2000000000E+02  3.5698533187E-06
 1.2100000000E+02  3.5163865816E-06
 1.2200000000E+02  3.5970187702E-06
 1.2300000000E+02  3.5622515393E-06
 1.2400000000E+02  3.5476202905E-06
 1.2500000000E+02  3.5895062335E-06
 1.2600000000E+02  3.5523157643E-06
 1.2700000000E+02  3.5646375036E-06
 1.2800000000E+02  3.5449298185E-06
 1.2900000000E+02  3.6248969377E-06
 1.3000000000E+02  3.5699732231E-06
 1.3100000000E+02  3.5982602072E-06
 1.3200000000E+02  3.5545930663E-06
 1.3300000000E+02  3.5840976398E-06
 1.3400000000E+02  3.5668859179E-06
 1.3500000000E+02  3.5546806039E-06
 1.3600000000E+02  3.5712496878E-06
 1.3700000000E+02  3.5719010645E-06
 1.3800000000E+02  3.5683868709E-06
 1.3900000000E+02  3.4975527858E-06
 1.4000000000E+02  3.5114857075E-06
 1.4100000000E+02  3.5240942696E-06
 1.4200000000E+02  3.4700764874E-06
 1.4300000000E+02  3.4596086492E-06
 1.4400000000E+02  3.4403520950E-06
 1.4500000000E+02  3.4488699511E-06
 1.4600000000E+02  3.4255311890E-06
 1.4700000000E+02  3.4135685599E-06
 1.4800000000E+02  3.4127233910E-06
 1.4900000000E+02  3.3647936785E-06
 1.5000000000E+02  3.3596673404E-06
 1.5100000000E+02  3.3530883535E-06
 1.5200000000E+02  3.3309764065E-06
 1.5300000000E+02  3.3431894960E-06
 1.5400000000E+02  3.3386869294E-06
 1.5500000000E+02  3.2417179509E-06
 1.5600000000E+02  3.2810781566E-06
 1.5700000000E+02  3.2707071588E-06
 1.5800000000E+02  3.1963835873E-06
 1.5900000000E+02  3.2381048974E-06
 1.6000000000E+02  3.1380680837E-06
 1.6100000000E+02  3.1447903838E-06
 1.6200000000E+02  3.2131002310E-06
 1.6300000000E+02  3.1572056646E-06
 1.6400000000E+02  3.1120044846E-06
 1.6500000000E+02  3.1303842403E-06
 1.6600000000E+02  3.0620217011E-06
 1.6700000000E+02  3.0337424277E-06
 1.6800000000E+02  3.0164319676E-06
 1.6900000000E+02  2.9943548522E-06
 1.7000000000E+02  2.9832675184E-06
 1.7100000000E+02  2.9919127362E-06
 1.7200000000E+02  2.8659441280E-06
 1.7300000000E+02  2.9055751863E-06
 1.7400000000E+02  2.8575786937E-06
 1.7500000000E+02  2.8180508289E-06
 1.7600000000E+02  2.8120440144E-06
 1.7700000000E+02  2.8217279583E-06
 1.7800000000E+02  2.7702237934E-06
 1.7900000000E+02  2.7175982251E-06
 1.8000000000E+02  2.6847651120E-06
 1.8100000000E+02  2.6706905771E-06
 1.8200000000E+02  2.6851873498E-06
 1.8300000000E+02  2.6200797151E-06
 1.8400000000E+02  2.5318082048E-06
 1.8500000000E+02  2.5527763769E-06
 1.8600000000E+02  2.5445293989E-06
 1.8700000000E+02  2.5459553987E-06
 1.8800000000E+02  2.4879727309E-06
 1.8900000000E+02  2.4802997060E-06
 1.9000000000E+02  2.4670216859E-06
 1.9100000000E+02  2.3807969457E-06
 1.9200000000E+02  2.3073947836E-06
 1.9300000000E+02  2.3406370680E-06
 1.9400000000E+02  2.2908307579E-06
 1.9500000000E+02  2.2881266466E-06
 1.9600000000E+02  2.2361451608E-06
 1.9700000000E+02  2.1767457815E-06
 1.9800000000E+02  2.0927836845E-06
 1.9900000000E+02  2.1178128038E-06
 2.0000000000E+02  2.0373209233E-06
 2.0100000000E+02  2.0246667511E-06
 2.0200000000E+02  2.0760865985E-06
 2.0300000000E+02  2.0139774552E-06
 2.0400000000E+02  2.0313670526E-06
 2.0500000000E+02  1.9400387860E-06
 2.0600000000E+02  1.8777695777E-06
 2.0700000000E+02  1.8469751459E-06
 2.0800000000E+02  1.8271653736E-06
 2.0900000000E+02  1.7850141450E-06
 2.1000000000E+02  1.7736678524E-06
 2.1100000000E+02  1.6896898986E-06
 2.1200000000E+02  1.7259019962E-06
 2.1300000000E+02  1.6139094922E-06
 2.1400000000E+02  1.5888127286E-06
 2.1500000000E+02  1.5701532554E-06
 2.1600000000E+02  1.4887729604E-06
 2.1700000000E+02  1.4998498375E-06
 2.1800000000E+02  1.4859815163E-06
 2.1900000000E+02  1.4002306409E-06
 2.2000000000E+02  1.3497544911E-06
 2.2100000000E+02  1.3185838041E-06
 2.2200000000E+02  1.2512346503E-06
 2.2300000000E+02  1.1993717156E-06
 2.2400000000E+02  1.1875604218E-06
 2.2500000000E+02  1.1317646259E-06
 2.2600000000E+02  1.0919409952E-06
 2.2700000000E+02  1.0991121111E-06
 2.2800000000E+02  1.0305032704E-06
 2.2900000000E+02  1.0526731594E-06
 2.3000000000E+02  9.6996556427E-07
 2.3100000000E+02  9.1954759484E-07
 2.3200000000E+02  8.6963911714E-07
 2.3300000000E+02  8.8042006280E-07
 2.3400000000E+02  7.9216220459E-07
 2.3500000000E+02  7.1384313777E-07
 2.3600000000E+02  6.7959496981E-07
 2.3700000000E+02  6.6030363469E-07
 2.3800000000E+02  5.6923722671E-07
 2.3900000000E+02  5.3043725726E-07
 2.4000000000E+02  5.0159823377E-07
 2.4100000000E+02  4.7601672623E-07
 2.4200000000E+02  4.3580613758E-07
 2.4300000000E+02  3.6912046598E-07
 2.4400000000E+02  3.5644750466E-07
 2.4500000000E+02  2.9219885137E-07
 2.4600000000E+02  2.5311474012E-07
 2.4700000000E+02  1.8282800326E-07
 2.4800000000E+02  1.3360754496E-07
 2.4900000000E+02  1.2086426068E-07
 2.5000000000E+02  6.3825973719E-08
 2.5100000000E+02  6.5357080116E-08
 2.5200000000E+02  5.6144528682E-08
