 4.0000000000E+00  9.0479384187E-07
 4.2000000000E+00  1.4916363314E-06
 4.4000000000E+00  1.5437342255E-06
 4.6000000000E+00  1.0752653407E-06
 4.8000000000E+00  1.0790909624E-06
 5.0000000000E+00  9.7271772938E-07
 5.2000000000E+00  2.2197393049E-06
 5.4000000000E+00  1.7045685845E-06
 5.6000000000E+00  1.7311470359E-06
 5.8000000000E+00  1.6137308944E-06
 6.0000000000E+00  1.5235365588E-06
 6.2000000000E+00  1.1382653353E-06
 6.4000000000E+00  2.1549152411E-06
 6.6000000000E+00  4.3828595057E-07
 6.8000000000E+00  1.2560875256E-06
 7.0000000000E+00  1.6624307188E-07
 7.2000000000E+00  2.0937786951E-06
 7.4000000000E+00  7.7259403310E-07
 7.6000000000E+00  1.2590924700E-06
 7.8000000000E+00  1.4313278865E-06
 8.0000000000E+00  5.6198585294E-07
 8.2000000000E+00  1.8856857304E-06
 8.4000000000E+00  1.5919307452E-05
 8.6000000000E+00  6.3579150624E-06
 8.8000000000E+00  2.6557113244E-06
 9.0000000000E+00  3.1933032352E-06
 9.2000000000E+00  5.5047676870E-06
 9.4000000000E+00  3.8273896231E-06
 9.6000000000E+00  4.2583058267E-05
 9.8000000000E+00  5.6562909217E-05
 1.0000000000E+01  4.4471162382E-05
 1.0200000000E+01  1.7139949253E-05
 1.0400000000E+01  1.1473836460E-05
 1.0600000000E+01  1.3319018050E-05
 1.0800000000E+01  1.6047556604E-05
 1.1000000000E+01  1.5704813826E-05
 1.1200000000E+01  3.4876140883E-05
 1.1400000000E+01  4.5520042191E-05
 1.1600000000E+01  3.1481860546E-05
 1.1800000000E+01  2.9677514347E-05
 1.2000000000E+01  2.5646031156E-05
 1.2200000000E+01  2.7318875239E-05
 1.2400000000E+01  2.5151584262E-05
 1.2600000000E+01  2.7974660979E-05
 1.2800000000E+01  2.8779401630E-05
 1.3000000000E+01  3.0796554863E-05
 1.3200000000E+01  3.1479141855E-05
 1.3400000000E+01  3.2746834213E-05
 1.3600000000E+01  3.3480432415E-05
 1.3800000000E+01  3.5390329704E-05
 1.4000000000E+01  3.4954996503E-05
 1.4200000000E+01  3.6215507442E-05
 1.4400000000E+01  3.6422496977E-05
 1.4600000000E+01  3.7573658235E-05
 1.4800000000E+01  3.7588106620E-05
 1.5000000000E+01  3.8318456350E-05
 1.5200000000E+01  3.7472005190E-05
 1.5400000000E+01  3.8382066694E-05
 1.5600000000E+01  3.8340507682E-05
 1.5800000000E+01  3.7346583896E-05
 1.6000000000E+01  3.7594979691E-05
 1.6200000000E+01  3.6993514260E-05
 1.6400000000E+01  3.6932810238E-05
 1.6600000000E+01  3.6657873636E-05
 1.6800000000E+01  3.6141678179E-05
 1.7000000000E+01  3.5964261846E-05
 1.7200000000E+01  3.4714575793E-05
 1.7400000000E+01  3.4687600610E-05
 1.7600000000E+01  3.3977229972E-05
 1.7800000000E+01  3.3300526715E-05
 1.8000000000E+01  3.3194673248E-05
 1.8200000000E+01  3.2326416553E-05
 1.8400000000E+01  3.1116666431E-05
 1.8600000000E+01  3.0834196784E-05
 1.8800000000E+01  3.0104905731E-05
 1.9000000000E+01  3.0192114470E-05
 1.9200000000E+01  2.8132682888E-05
 1.9400000000E+01  2.8397975460E-05
 1.9600000000E+01  2.6960141387E-05
 1.9800000000E+01  2.6595008171E-05
 2.0000000000E+01  2.5642441359E-05
 2.0200000000E+01  2.5303478571E-05
 2.0400000000E+01  2.4517215504E-05
 2.0600000000E+01  2.3838406036E-05
 2.0800000000E+01  2.3044277966E-05
 2.1000000000E+01  2.1992513380E-05
 2.1200000000E+01  2.1898692494E-05
 2.1400000000E+01  2.0999282648E-05
 2.1600000000E+01  1.9979384624E-05
 2.1800000000E+01  1.9877316652E-05
 2.2000000000E+01  1.9016472130E-05
 2.2200000000E+01  1.8234279458E-05
 2.2400000000E+01  1.7849038591E-05
 2.2600000000E+01  1.6756186651E-05
 2.2800000000E+01  1.6957836789E-05
 2.3000000000E+01  1.5631252312E-05
 2.3200000000E+01  1.5427113174E-05
 2.3400000000E+01  1.4966804722E-05
 2.3600000000E+01  1.4247134720E-05
 2.3800000000E+01  1.3466342807E-05
 2.4000000000E+01  1.3259859711E-05
 2.4200000000E+01  1.2425632118E-05
 2.4400000000E+01  1.2062859697E-05
 2.4600000000E+01  1.1607518191E-05
 2.4800000000E+01  1.0953510652E-05
 2.5000000000E+01  1.0419119797E-05
 2.5200000000E+01  1.0204401898E-05
 2.5400000000E+01  9.3739209477E-06
 2.5600000000E+01  9.2169317072E-06
 2.5800000000E+01  8.6396400245E-06
 2.6000000000E+01  8.1146964538E-06
 2.6200000000E+01  7.9856170652E-06
 2.6400000000E+01  7.2103905484E-06
 2.6600000000E+01  7.1366124130E-06
 2.6800000000E+01  6.3961230277E-06
 2.7000000000E+01  6.2863047678E-06
 2.7200000000E+01  5.5507867300E-06
 2.7400000000E+01  5.4172471201E-06
 2.7600000000E+01  4.8752469698E-06
 2.7800000000E+01  4.5916412165E-06
 2.8000000000E+01  4.2073865789E-06
 2.8200000000E+01  3.9154635420E-06
 2.8400000000E+01  3.5991458061E-06
 2.8600000000E+01  2.9922374349E-06
 2.8800000000E+01  2.8660849177E-06
 2.9000000000E+01  2.3953887257E-06
 2.9200000000E+01  2.0033990430E-06
 2.9400000000E+01  1.6699609391E-06
 2.9600000000E+01  1.3092320817E-06
 2.9800000000E+01  8.1882614202E-07
 3.0000000000E+01  2.3653608579E-07
 3.0200000000E+01  1.5282485499E-08
 3.0400000000E+01  1.3960483133E-08
 3.0600000000E+01  8.6481589436E-09
 3.0800000000E+01  6.0124006218E-09
 3.1000000000E+01  9.3203672674E-09
 3.1200000000E+01  5.2359621366E-09
 3.1400000000E+01  8.8358381490E-09
 3.1600000000E+01  5.8057956318E-09
 3.1800000000E+01  7.4700981505E-09
 3.2000000000E+01  4.7833518404E-09
