 4.0000000000E+00  4.8065715463E-07
 4.2000000000E+00 -6.0368671811E-08
 4.4000000000E+00  3.5587364550E-07
 4.6000000000E+00  2.4037851818E-07
 4.8000000000E+00  3.0978659827E-07
 5.0000000000E+00  6.5918997164E-07
 5.2000000000E+00  2.6262084707E-07
 5.4000000000E+00  4.3494902760E-07
 5.6000000000E+00  1.4618293114E-07
 5.8000000000E+00  4.2434886650E-07
 6.0000000000E+00  3.1389966674E-07
 6.2000000000E+00  4.9601424178E-07
 6.4000000000E+00  4.7312401864E-07
 6.6000000000E+00  3.2932998960E-07
 6.8000000000E+00  2.4492894163E-07
 7.0000000000E+00  5.0408234674E-07
 7.2000000000E+00 -4.4256255533E-08
 7.4000000000E+00  5.1407482358E-07
 7.6000000000E+00  3.3373904992E-07
 7.8000000000E+00  7.9641860994E-08
 8.0000000000E+00  3.1071554336E-07
 8.2000000000E+00  1.8587074164E-07
 8.4000000000E+00  2.5566295941E-07
 8.6000000000E+00  3.8619222006E-07
 8.8000000000E+00  3.6293065780E-07
 9.0000000000E+00  4.8087583566E-07
 9.2000000000E+00  2.1670177021E-07
 9.4000000000E+00  1.7448601985E-07
 9.6000000000E+00  8.0892814774E-07
 9.8000000000E+00  1.1841863827E-06
 1.0000000000E+01  1.4309465416E-06
 1.0200000000E+01  6.4736398400E-07
 1.0400000000E+01  7.0193315851E-07
 1.0600000000E+01  6.2662689690E-07
 1.0800000000E+01  1.0717923664E-06
 1.1000000000E+01  7.8626965924E-07
 1.1200000000E+01  2.5580742792E-06
 1.1400000000E+01  2.9925945221E-06
 1.1600000000E+01  2.3757799236E-06
 1.1800000000E+01  2.6359108110E-06
 1.2000000000E+01  2.1871771390E-06
 1.2200000000E+01  2.6935821351E-06
 1.2400000000E+01  2.4906964891E-06
 1.2600000000E+01  3.0044239399E-06
 1.2800000000E+01  3.4947350565E-06
 1.3000000000E+01  4.0923448574E-06
 1.3200000000E+01  4.3873576047E-06
 1.3400000000E+01  5.0896608971E-06
 1.3600000000E+01  5.1390813224E-06
 1.3800000000E+01  6.2098056264E-06
 1.4000000000E+01  6.2107020770E-06
 1.4200000000E+01  7.3892941672E-06
 1.4400000000E+01  7.5131446269E-06
 1.4600000000E+01  8.1494515808E-06
 1.4800000000E+01  8.7048580464E-06
 1.5000000000E+01  9.2104803275E-06
 1.5200000000E+01  9.8836321346E-06
 1.5400000000E+01  1.0052355082E-05
 1.5600000000E+01  1.0547476517E-05
 1.5800000000E+01  1.1137970598E-05
 1.6000000000E+01  1.1187561238E-05
 1.6200000000E+01  1.1743481922E-05
 1.6400000000E+01  1.2063477129E-05
 1.6600000000E+01  1.2642268917E-05
 1.6800000000E+01  1.2532381673E-05
 1.7000000000E+01  1.2897307162E-05
 1.7200000000E+01  1.3301242134E-05
 1.7400000000E+01  1.3419250263E-05
 1.7600000000E+01  1.3445884749E-05
 1.7800000000E+01  1.3721842979E-05
 1.8000000000E+01  1.3830683231E-05
 1.8200000000E+01  1.3945599592E-05
 1.8400000000E+01  1.4100729389E-05
 1.8600000000E+01  1.3823278745E-05
 1.8800000000E+01  1.4210655554E-05
 1.9000000000E+01  1.3991559561E-05
 1.9200000000E+01  1.4272806496E-05
 1.9400000000E+01  1.3919119678E-05
 1.9600000000E+01  1.4099745182E-05
 1.9800000000E+01  1.3885318282E-05
 2.0000000000E+01  1.3942975486E-05
 2.0200000000E+01  1.3741480888E-05
 2.0400000000E+01  1.3752419454E-05
 2.0600000000E+01  1.3512503641E-05
 2.0800000000E+01  1.3486118676E-05
 2.1000000000E+01  1.3268227615E-05
 2.1200000000E+01  1.3265970129E-05
 2.1400000000E+01  1.3132641654E-05
 2.1600000000E+01  1.2755742876E-05
 2.1800000000E+01  1.2618647739E-05
 2.2000000000E+01  1.2501119418E-05
 2.2200000000E+01  1.2320672835E-05
 2.2400000000E+01  1.2165226894E-05
 2.2600000000E+01  1.2100989496E-05
 2.2800000000E+01  1.1717334803E-05
 2.3000000000E+01  1.1641207004E-05
 2.3200000000E+01  1.1403000663E-05
 2.3400000000E+01  1.1164783602E-05
 2.3600000000E+01  1.0935141353E-05
 2.3800000000E+01  1.0714331129E-05
 2.4000000000E+01  1.0604649991E-05
 2.4200000000E+01  1.0236913036E-05
 2.4400000000E+01  1.0286188554E-05
 2.4600000000E+01  9.8810779401E-06
 2.4800000000E+01  9.7599898733E-06
 2.5000000000E+01  9.5789782844E-06
 2.5200000000E+01  9.2693384359E-06
 2.5400000000E+01  9.0751215740E-06
 2.5600000000E+01  9.0056457353E-06
 2.5800000000E+01  8.6958375974E-06
 2.6000000000E+01  8.5361969893E-06
 2.6200000000E+01  8.2917531112E-06
 2.6400000000E+01  8.2303626305E-06
 2.6600000000E+01  7.9838099550E-06
 2.6800000000E+01  7.7109975799E-06
 2.7000000000E+01  7.7515378004E-06
 2.7200000000E+01  7.3523692505E-06
 2.7400000000E+01  7.1667460965E-06
 2.7600000000E+01  7.0420571831E-06
 2.7800000000E+01  6.8649978266E-06
 2.8000000000E+01  6.7028517249E-06
 2.8200000000E+01  6.4820391872E-06
 2.8400000000E+01  6.4152088625E-06
 2.8600000000E+01  6.1258979133E-06
 2.8800000000E+01  6.0277813897E-06
 2.9000000000E+01  5.8333067026E-06
 2.9200000000E+01  5.6117862700E-06
 2.9400000000E+01  5.6105250443E-06
 2.9600000000E+01  5.2951746851E-06
 2.9800000000E+01  5.2558997748E-06
 3.0000000000E+01  5.0439093546E-06
 3.0200000000E+01  4.9938662882E-06
 3.0400000000E+01  4.6979826469E-06
 3.0600000000E+01  4.7517767395E-06
 3.0800000000E+01  4.5460064747E-06
 3.1000000000E+01  4.3915900647E-06
 3.1200000000E+01  4.2351600459E-06
 3.1400000000E+01  4.1786071352E-06
 3.1600000000E+01  3.9848520835E-06
 3.1800000000E+01  3.9589508041E-06
 3.2000000000E+01  3.6874508092E-06
 3.2200000000E+01  3.7480985726E-06
 3.2400000000E+01  3.5094528244E-06
 3.2600000000E+01  3.4666222811E-06
 3.2800000000E+01  3.2676091308E-06
 3.3000000000E+01  3.2440586450E-06
 3.3200000000E+01  3.1315499006E-06
 3.3400000000E+01  3.0141405572E-06
 3.3600000000E+01  2.9029528886E-06
 3.3800000000E+01  2.8289848114E-06
 3.4000000000E+01  2.6324093751E-06
 3.4200000000E+01  2.6630984858E-06
 3.4400000000E+01  2.4789905131E-06
 3.4600000000E+01  2.4100884661E-06
 3.4800000000E+01  2.3236326771E-06
 3.5000000000E+01  2.1964440421E-06
 3.5200000000E+01  2.1257711265E-06
 3.5400000000E+01  2.0270394285E-06
 3.5600000000E+01  1.9242172480E-06
 3.5800000000E+01  1.8396822529E-06
 3.6000000000E+01  1.7310681307E-06
 3.6200000000E+01  1.6998839162E-06
 3.6400000000E+01  1.5504420464E-06
 3.6600000000E+01  1.5238264818E-06
 3.6800000000E+01  1.4216318517E-06
 3.7000000000E+01  1.3412760972E-06
 3.7200000000E+01  1.2322903976E-06
 3.7400000000E+01  1.1966881126E-06
 3.7600000000E+01  1.1096224334E-06
 3.7800000000E+01  1.0096973475E-06
 3.8000000000E+01  9.5018941282E-07
 3.8200000000E+01  8.3035521174E-07
 3.8400000000E+01  8.0463785249E-07
 3.8600000000E+01  7.0852961193E-07
 3.8800000000E+01  5.9168138044E-07
 3.9000000000E+01  5.7243956802E-07
 3.9200000000E+01  4.3866182727E-07
 3.9400000000E+01  3.6739772075E-07
 3.9600000000E+01  2.9032923136E-07
 3.9800000000E+01  1.7548571733E-07
 4.0000000000E+01  5.3732229264E-08
 4.0200000000E+01  2.4761976076E-09
 4.0400000000E+01 -7.8530952424E-10
 4.0600000000E+01  3.4967312880E-09
 4.0800000000E+01  4.6725551112E-10
 4.1000000000E+01  1.5608521218E-09
 4.1200000000E+01  1.4783995500E-09
 4.1400000000E+01  1.0810807031E-09
 4.1600000000E+01  2.1654302902E-09
 4.1800000000E+01  1.4380384188E-09
 4.2000000000E+01  1.1468414526E-09
