 4.0000000000E+00  5.2780232431E-09
 4.5000000000E+00  4.8323036599E-08
 5.0000000000E+00  1.5675119039E-07
 5.5000000000E+00  1.1283195444E-07
 6.0000000000E+00  1.6185213560E-07
 6.5000000000E+00  7.3979333452E-08
 7.0000000000E+00  9.1037327913E-08
 7.5000000000E+00  5.0695671621E-08
 8.0000000000E+00  6.0840640336E-08
 8.5000000000E+00  3.5486847384E-08
 9.0000000000E+00  7.6003394770E-08
 9.5000000000E+00  4.5214300199E-08
 1.0000000000E+01  9.9883043344E-08
 1.0500000000E+01  1.0848818000E-07
 1.1000000000E+01  4.8395887168E-08
 1.1500000000E+01  5.0964378927E-08
 1.2000000000E+01  9.5385668194E-08
 1.2500000000E+01  2.8340490868E-08
 1.3000000000E+01  5.7995310774E-08
 1.3500000000E+01  5.4155543371E-08
 1.4000000000E+01  3.4102509767E-08
 1.4500000000E+01  4.9118228915E-08
 1.5000000000E+01  3.3973082166E-08
 1.5500000000E+01  4.6033320201E-08
 1.6000000000E+01  7.1664482681E-08
 1.6500000000E+01  1.1780139206E-07
 1.7000000000E+01  1.6322902657E-07
 1.7500000000E+01  2.2081513200E-07
 1.8000000000E+01  3.0766404834E-07
 1.8500000000E+01  4.1768160668E-07
 1.9000000000E+01  5.2702470216E-07
 1.9500000000E+01  6.6163003739E-07
 2.0000000000E+01  7.8825144975E-07
 2.0500000000E+01  9.8048514854E-07
 2.1000000000E+01  1.1427848582E-06
 2.1500000000E+01  1.2973107928E-06
 2.2000000000E+01  1.4751526523E-06
 2.2500000000E+01  1.6743942543E-06
 2.3000000000E+01  1.7736410076E-06
 2.3500000000E+01  1.9177721871E-06
 2.4000000000E+01  2.0536840269E-06
 2.4500000000E+01  2.1730866641E-06
 2.5000000000E+01  2.2546463349E-06
 2.5500000000E+01  2.3549028267E-06
 2.6000000000E+01  2.4065743661E-06
 2.6500000000E+01  2.4609741578E-06
 2.7000000000E+01  2.5166130839E-06
 2.7500000000E+01  2.5597134163E-06
 2.8000000000E+01  2.5666258758E-06
 2.8500000000E+01  2.5826383786E-06
 2.9000000000E+01  2.5884068735E-06
 2.9500000000E+01  2.5644659197E-06
 3.0000000000E+01  2.5355734372E-06
 3.0500000000E+01  2.5402504459E-06
 3.1000000000E+01  2.4903751970E-06
 3.1500000000E+01  2.4563548017E-06
 3.2000000000E+01  2.4365723640E-06
 3.2500000000E+01  2.3927128988E-06
 3.3000000000E+01  2.3290535536E-06
 3.3500000000E+01  2.2801729795E-06
 3.4000000000E+01  2.2241616489E-06
 3.4500000000E+01  2.1716570780E-06
 3.5000000000E+01  2.1401334699E-06
 3.5500000000E+01  2.0810544914E-06
 3.6000000000E+01  2.0116353358E-06
 3.6500000000E+01  1.9501351878E-06
 3.7000000000E+01  1.9019338309E-06
 3.7500000000E+01  1.8210033447E-06
 3.8000000000E+01  1.7670040297E-06
 3.8500000000E+01  1.7284675915E-06
 3.9000000000E+01  1.6517162532E-06
 3.9500000000E+01  1.5821057856E-06
 4.0000000000E+01  1.5291946950E-06
 4.0500000000E+01  1.4881043128E-06
 4.1000000000E+01  1.4434287835E-06
 4.1500000000E+01  1.3902481701E-06
 4.2000000000E+01  1.3582317314E-06
 4.2500000000E+01  1.2939035464E-06
 4.3000000000E+01  1.2496428193E-06
 4.3500000000E+01  1.2068508540E-06
 4.4000000000E+01  1.1633807222E-06
 4.4500000000E+01  1.1144075333E-06
 4.5000000000E+01  1.0726892585E-06
 4.5500000000E+01  1.0331504600E-06
 4.6000000000E+01  9.8588946345E-07
 4.6500000000E+01  9.5415637492E-07
 4.7000000000E+01  9.0162545872E-07
 4.7500000000E+01  8.6703080924E-07
 4.8000000000E+01  8.3031008429E-07
 4.8500000000E+01  7.9017627765E-07
 4.9000000000E+01  7.4619291573E-07
 4.9500000000E+01  7.1783223571E-07
 5.0000000000E+01  6.7760722473E-07
 5.0500000000E+01  6.3515433378E-07
 5.1000000000E+01  5.9620775634E-07
 5.1500000000E+01  5.7532267992E-07
 5.2000000000E+01  5.4161996187E-07
 5.2500000000E+01  5.2133852600E-07
 5.3000000000E+01  4.8047650525E-07
 5.3500000000E+01  4.5945280208E-07
 5.4000000000E+01  4.1761055493E-07
 5.4500000000E+01  3.8821325999E-07
 5.5000000000E+01  3.5612538553E-07
 5.5500000000E+01  3.2686607176E-07
 5.6000000000E+01  2.9982851636E-07
 5.6500000000E+01  2.6324812390E-07
 5.7000000000E+01  2.3392167030E-07
 5.7500000000E+01  2.0196057528E-07
 5.8000000000E+01  1.6728907865E-07
 5.8500000000E+01  1.3405525142E-07
 5.9000000000E+01  9.8977373694E-08
 5.9500000000E+01  5.6914297595E-08
 6.0000000000E+01  1.3168917334E-08
 6.0500000000E+01  3.7111529031E-10
 6.1000000000E+01  9.5185759811E-11
 6.1500000000E+01  2.3559620432E-10
 6.2000000000E+01  2.2827452915E-10
